1.061800e-04 5.643579e+02
1.083300e-04 5.753996e+02
1.105200e-04 5.866373e+02
1.127500e-04 5.980694e+02
1.150300e-04 6.097502e+02
1.173500e-04 6.216329e+02
1.197200e-04 6.337636e+02
1.221400e-04 6.461419e+02
1.246100e-04 6.587675e+02
1.271200e-04 6.715891e+02
1.296900e-04 6.847083e+02
1.323100e-04 6.980730e+02
1.349900e-04 7.117293e+02
1.377100e-04 7.255800e+02
1.404900e-04 7.397267e+02
1.433300e-04 7.541689e+02
1.462300e-04 7.689062e+02
1.491800e-04 7.838875e+02
1.522000e-04 7.992139e+02
1.552700e-04 8.147835e+02
1.584100e-04 8.306973e+02
1.616100e-04 8.469042e+02
1.648700e-04 8.634038e+02
1.682000e-04 8.802463e+02
1.716000e-04 8.974312e+02
1.750700e-04 9.149557e+02
1.786000e-04 9.327654e+02
1.822100e-04 9.509663e+02
1.858900e-04 9.695073e+02
1.896500e-04 9.884384e+02
1.934800e-04 1.007709e+03
1.973900e-04 1.027368e+03
2.013800e-04 1.047413e+03
2.054400e-04 1.067789e+03
2.095900e-04 1.088602e+03
2.138300e-04 1.109852e+03
2.181500e-04 1.131488e+03
2.225500e-04 1.153510e+03
2.270500e-04 1.176016e+03
2.316400e-04 1.198952e+03
2.363200e-04 1.222315e+03
2.410900e-04 1.246111e+03
2.459600e-04 1.270389e+03
2.509300e-04 1.295147e+03
2.560000e-04 1.320387e+03
2.611700e-04 1.346105e+03
2.664500e-04 1.372347e+03
2.718300e-04 1.399061e+03
2.773200e-04 1.426299e+03
2.829200e-04 1.454053e+03
2.886400e-04 1.482381e+03
2.944700e-04 1.511233e+03
3.004200e-04 1.540657e+03
3.064900e-04 1.570646e+03
3.126800e-04 1.601200e+03
3.189900e-04 1.632319e+03
3.254400e-04 1.664095e+03
3.320100e-04 1.696438e+03
3.387200e-04 1.729446e+03
3.455600e-04 1.763069e+03
3.525400e-04 1.797335e+03
3.596600e-04 1.832250e+03
3.669300e-04 1.867874e+03
3.743400e-04 1.904157e+03
3.819000e-04 1.941145e+03
3.896200e-04 1.978872e+03
3.974900e-04 2.017302e+03
4.055200e-04 2.056458e+03
4.137100e-04 2.096352e+03
4.220700e-04 2.137036e+03
4.306000e-04 2.178502e+03
4.392900e-04 2.220712e+03
4.481700e-04 2.263792e+03
4.572200e-04 2.307662e+03
4.664600e-04 2.352401e+03
4.758800e-04 2.397971e+03
4.855000e-04 2.444450e+03
4.953000e-04 2.491738e+03
5.053100e-04 2.539992e+03
5.155200e-04 2.589131e+03
5.259300e-04 2.639191e+03
5.365600e-04 2.690226e+03
5.473900e-04 2.742170e+03
5.584500e-04 2.795158e+03
5.697300e-04 2.849142e+03
5.812400e-04 2.904161e+03
5.929900e-04 2.960219e+03
6.049600e-04 3.017275e+03
6.171900e-04 3.075470e+03
6.296500e-04 3.134700e+03
6.423700e-04 3.195060e+03
6.553500e-04 3.256564e+03
6.685900e-04 3.319224e+03
6.821000e-04 3.383059e+03
6.958800e-04 3.448108e+03
7.099300e-04 3.514247e+03
7.242700e-04 3.581683e+03
7.389100e-04 3.650396e+03
7.538300e-04 3.720322e+03
7.690600e-04 3.791591e+03
7.846000e-04 3.864173e+03
8.004500e-04 3.938117e+03
8.166200e-04 4.013343e+03
8.331100e-04 4.089975e+03
8.499400e-04 4.167994e+03
8.671100e-04 4.247463e+03
8.846300e-04 4.328379e+03
9.025000e-04 4.410708e+03
9.207300e-04 4.494579e+03
9.393300e-04 4.579913e+03
9.583100e-04 4.666887e+03
9.776700e-04 4.755288e+03
9.974200e-04 4.845313e+03
1.017600e-03 4.937075e+03
1.038100e-03 5.030070e+03
1.059100e-03 5.125155e+03
1.080500e-03 5.221696e+03
1.102300e-03 5.319909e+03
1.124600e-03 5.419992e+03
1.147300e-03 5.521699e+03
1.170500e-03 5.625296e+03
1.194100e-03 5.730377e+03
1.218200e-03 5.837432e+03
1.242900e-03 5.946720e+03
1.268000e-03 6.057608e+03
1.293600e-03 6.170113e+03
1.319700e-03 6.284615e+03
1.346400e-03 6.401264e+03
1.373600e-03 6.519739e+03
1.401300e-03 6.640011e+03
1.429600e-03 6.762326e+03
1.458500e-03 6.886997e+03
1.488000e-03 7.013424e+03
1.518000e-03 7.141759e+03
1.548700e-03 7.272427e+03
1.580000e-03 7.405231e+03
1.611900e-03 7.539988e+03
1.644500e-03 7.676943e+03
1.677700e-03 7.816065e+03
1.711600e-03 7.957174e+03
1.746200e-03 8.100893e+03
1.781400e-03 8.246035e+03
1.817400e-03 8.393946e+03
1.854100e-03 8.543917e+03
1.891600e-03 8.696280e+03
1.929800e-03 8.850954e+03
1.968800e-03 9.007656e+03
2.008600e-03 9.167180e+03
2.049100e-03 9.327934e+03
2.090500e-03 9.491647e+03
2.132800e-03 9.657790e+03
2.175800e-03 9.825663e+03
2.219800e-03 9.996635e+03
2.264600e-03 1.016918e+04
2.310400e-03 1.034506e+04
2.357100e-03 1.052224e+04
2.404700e-03 1.070216e+04
2.453300e-03 1.088421e+04
2.502800e-03 1.106838e+04
2.553400e-03 1.125548e+04
2.605000e-03 1.144440e+04
2.657600e-03 1.163632e+04
2.711300e-03 1.182935e+04
2.766000e-03 1.202527e+04
2.821900e-03 1.222317e+04
2.878900e-03 1.242349e+04
2.937100e-03 1.262633e+04
2.996400e-03 1.283067e+04
3.056900e-03 1.303812e+04
3.118700e-03 1.324656e+04
3.181700e-03 1.345817e+04
3.246000e-03 1.367099e+04
3.311500e-03 1.388616e+04
3.378400e-03 1.410347e+04
3.446700e-03 1.432253e+04
3.516300e-03 1.454422e+04
3.587400e-03 1.476663e+04
3.659800e-03 1.499202e+04
3.733800e-03 1.521815e+04
3.809200e-03 1.544677e+04
3.886100e-03 1.567664e+04
3.964600e-03 1.590812e+04
4.044700e-03 1.614208e+04
4.126400e-03 1.637582e+04
4.209800e-03 1.661309e+04
4.294800e-03 1.684939e+04
4.381600e-03 1.708883e+04
4.470100e-03 1.732850e+04
4.560400e-03 1.756947e+04
4.652500e-03 1.781218e+04
4.746500e-03 1.805442e+04
4.842400e-03 1.829995e+04
4.940200e-03 1.854294e+04
5.040000e-03 1.878908e+04
5.141900e-03 1.903464e+04
5.245700e-03 1.928097e+04
5.351700e-03 1.952834e+04
5.459800e-03 1.977438e+04
5.570100e-03 2.002324e+04
5.682600e-03 2.026856e+04
5.797400e-03 2.051695e+04
5.914500e-03 2.076266e+04
6.034000e-03 2.100932e+04
6.155900e-03 2.125555e+04
6.280300e-03 2.150020e+04
6.407200e-03 2.174665e+04
6.536600e-03 2.198821e+04
6.668600e-03 2.223244e+04
6.803300e-03 2.247219e+04
6.940800e-03 2.271291e+04
7.081000e-03 2.295126e+04
7.224000e-03 2.318716e+04
7.370000e-03 2.342375e+04
7.518900e-03 2.365429e+04
7.670800e-03 2.388708e+04
7.825700e-03 2.411285e+04
7.983800e-03 2.433958e+04
8.145100e-03 2.456166e+04
8.309600e-03 2.478049e+04
8.477500e-03 2.499836e+04
8.648800e-03 2.520948e+04
8.823500e-03 2.542231e+04
9.001700e-03 2.562403e+04
9.183600e-03 2.582677e+04
9.369100e-03 2.602228e+04
9.558300e-03 2.621426e+04
9.751400e-03 2.640281e+04
9.948400e-03 2.658263e+04
1.014900e-02 2.676303e+04
1.035400e-02 2.692994e+04
1.056400e-02 2.709859e+04
1.077700e-02 2.725459e+04
1.099500e-02 2.740682e+04
1.121700e-02 2.755274e+04
1.144300e-02 2.768892e+04
1.167500e-02 2.782479e+04
1.191000e-02 2.794182e+04
1.215100e-02 2.805996e+04
1.239700e-02 2.816209e+04
1.264700e-02 2.825949e+04
1.290200e-02 2.834648e+04
1.316300e-02 2.842178e+04
1.342900e-02 2.849333e+04
1.370000e-02 2.854474e+04
1.397700e-02 2.859635e+04
1.425900e-02 2.862573e+04
1.454700e-02 2.865124e+04
1.484100e-02 2.866171e+04
1.514100e-02 2.865924e+04
1.544700e-02 2.864996e+04
1.575900e-02 2.861791e+04
1.607700e-02 2.858593e+04
1.640200e-02 2.852544e+04
1.673400e-02 2.846251e+04
1.707200e-02 2.838045e+04
1.741600e-02 2.828664e+04
1.776800e-02 2.818306e+04
1.812700e-02 2.805733e+04
1.849300e-02 2.793224e+04
1.886700e-02 2.777620e+04
1.924800e-02 2.762099e+04
1.963700e-02 2.744448e+04
2.003400e-02 2.725879e+04
2.043800e-02 2.706363e+04
2.085100e-02 2.685062e+04
2.127200e-02 2.663765e+04
2.170200e-02 2.639851e+04
2.214100e-02 2.616135e+04
2.258800e-02 2.590764e+04
2.304400e-02 2.565024e+04
2.351000e-02 2.538447e+04
2.398500e-02 2.510867e+04
2.446900e-02 2.483337e+04
2.496400e-02 2.454217e+04
2.546800e-02 2.425497e+04
2.598200e-02 2.395610e+04
2.650700e-02 2.365736e+04
2.704300e-02 2.335407e+04
2.758900e-02 2.304762e+04
2.814600e-02 2.274232e+04
2.871500e-02 2.242952e+04
2.929500e-02 2.212130e+04
2.988700e-02 2.180645e+04
3.049000e-02 2.149531e+04
3.110600e-02 2.118208e+04
3.173500e-02 2.086883e+04
3.237600e-02 2.055757e+04
3.303000e-02 2.024317e+04
3.369700e-02 1.993368e+04
3.437800e-02 1.962030e+04
3.507200e-02 1.931188e+04
3.578100e-02 1.900195e+04
3.650400e-02 1.869405e+04
3.724100e-02 1.838845e+04
3.799300e-02 1.808231e+04
3.876100e-02 1.778063e+04
3.954400e-02 1.747526e+04
4.034300e-02 1.717508e+04
4.115800e-02 1.687390e+04
4.198900e-02 1.657587e+04
4.283800e-02 1.627926e+04
4.370300e-02 1.598363e+04
4.458600e-02 1.569221e+04
4.548600e-02 1.539827e+04
4.640500e-02 1.510959e+04
4.734300e-02 1.481956e+04
4.829900e-02 1.453371e+04
4.927500e-02 1.424922e+04
5.027000e-02 1.396638e+04
5.128600e-02 1.368740e+04
5.232200e-02 1.340724e+04
5.337900e-02 1.313281e+04
5.445700e-02 1.285669e+04
5.555700e-02 1.258521e+04
5.668000e-02 1.231519e+04
5.782500e-02 1.204793e+04
5.899300e-02 1.178467e+04
6.018400e-02 1.152186e+04
6.140000e-02 1.126471e+04
6.264100e-02 1.100607e+04
6.390600e-02 1.075310e+04
6.519700e-02 1.050150e+04
6.651400e-02 1.025327e+04
6.785800e-02 1.000888e+04
6.922900e-02 9.766262e+03
7.062700e-02 9.529586e+03
7.205400e-02 9.292133e+03
7.351000e-02 9.060570e+03
7.499400e-02 8.831111e+03
7.650900e-02 8.605677e+03
7.805500e-02 8.383778e+03
7.963200e-02 8.164303e+03
8.124100e-02 7.950121e+03
8.288200e-02 7.736642e+03
8.455600e-02 7.528913e+03
8.626400e-02 7.323654e+03
8.800700e-02 7.123028e+03
8.978500e-02 6.925729e+03
9.159800e-02 6.731474e+03
9.344900e-02 6.541959e+03
9.533700e-02 6.354651e+03
9.726300e-02 6.172720e+03
9.922700e-02 5.992695e+03
1.012300e-01 5.817348e+03
1.032800e-01 5.644871e+03
1.053600e-01 5.476924e+03
1.074900e-01 5.312728e+03
1.096600e-01 5.151464e+03
1.118800e-01 4.994669e+03
1.141400e-01 4.840451e+03
1.164400e-01 4.691113e+03
1.188000e-01 4.544002e+03
1.212000e-01 4.400949e+03
1.236500e-01 4.261606e+03
1.261400e-01 4.125516e+03
1.286900e-01 3.993275e+03
1.312900e-01 3.863517e+03
1.339400e-01 3.738058e+03
1.366500e-01 3.614957e+03
1.394100e-01 3.495429e+03
1.422300e-01 3.379159e+03
1.451000e-01 3.266133e+03
1.480300e-01 3.156729e+03
1.510200e-01 3.049441e+03
1.540700e-01 2.945812e+03
1.571800e-01 2.844725e+03
1.603600e-01 2.746543e+03
1.636000e-01 2.651384e+03
1.669000e-01 2.559054e+03
1.702800e-01 2.469447e+03
1.737100e-01 2.382428e+03
1.772200e-01 2.298221e+03
1.808000e-01 2.216248e+03
1.844600e-01 2.136866e+03
1.881800e-01 2.060204e+03
1.919800e-01 1.985814e+03
1.958600e-01 1.913904e+03
1.998200e-01 1.843973e+03
2.038600e-01 1.776598e+03
2.079700e-01 1.711193e+03
2.121800e-01 1.647859e+03
2.164600e-01 1.586774e+03
2.208300e-01 1.527688e+03
2.253000e-01 1.470480e+03
2.298500e-01 1.415065e+03
2.344900e-01 1.361759e+03
2.392300e-01 1.310033e+03
2.440600e-01 1.260313e+03
2.489900e-01 1.212177e+03
2.540200e-01 1.165726e+03
2.591500e-01 1.120932e+03
2.643900e-01 1.077543e+03
2.697300e-01 1.035872e+03
2.751800e-01 9.955203e+02
2.807400e-01 9.567413e+02
2.864100e-01 9.192630e+02
2.921900e-01 8.831937e+02
2.981000e-01 8.483578e+02
3.041200e-01 8.147975e+02
3.102600e-01 7.825492e+02
3.165300e-01 7.513288e+02
3.229200e-01 7.213844e+02
3.294500e-01 6.924346e+02
3.361000e-01 6.646553e+02
3.428900e-01 6.378808e+02
3.498200e-01 6.120816e+02
3.568900e-01 5.872990e+02
3.640900e-01 5.634303e+02
3.714500e-01 5.404870e+02
3.789500e-01 5.183804e+02
3.866100e-01 4.971351e+02
3.944200e-01 4.767155e+02
4.023900e-01 4.570836e+02
4.105200e-01 4.382365e+02
4.188100e-01 4.200951e+02
4.272700e-01 4.026995e+02
4.359000e-01 3.859081e+02
4.447100e-01 3.697976e+02
4.536900e-01 3.543375e+02
4.628600e-01 3.394888e+02
4.722100e-01 3.252416e+02
4.817400e-01 3.115427e+02
4.914800e-01 2.983977e+02
5.014100e-01 2.857335e+02
5.115300e-01 2.736188e+02
5.218700e-01 2.619682e+02
5.324100e-01 2.508088e+02
5.431700e-01 2.401000e+02
5.541400e-01 2.298270e+02
5.653300e-01 2.199915e+02
5.767500e-01 2.105285e+02
5.884000e-01 2.014732e+02
6.002900e-01 1.927684e+02
6.124200e-01 1.844289e+02
6.247900e-01 1.764380e+02
6.374100e-01 1.687749e+02
6.502900e-01 1.614370e+02
6.634200e-01 1.543942e+02
6.768300e-01 1.476514e+02
6.905000e-01 1.411847e+02
7.044500e-01 1.349949e+02
7.186800e-01 1.290641e+02
7.332000e-01 1.233813e+02
7.480100e-01 1.179449e+02
7.631200e-01 1.127297e+02
7.785400e-01 1.077435e+02
7.942600e-01 1.029633e+02
8.103100e-01 9.838986e+01
8.266800e-01 9.401008e+01
8.433800e-01 8.981837e+01
8.604100e-01 8.581121e+01
8.778000e-01 8.196938e+01
8.955300e-01 7.830185e+01
9.136200e-01 7.478193e+01
9.320800e-01 7.141894e+01
9.509100e-01 6.820103e+01
9.701100e-01 6.512644e+01
9.897100e-01 6.218451e+01
1.009700e+00 5.936888e+01
1.030100e+00 5.667966e+01
1.050900e+00 5.410714e+01
1.072100e+00 5.165361e+01
1.093800e+00 4.929322e+01
1.115900e+00 4.704076e+01
1.138400e+00 4.489433e+01
1.161400e+00 4.284027e+01
1.184900e+00 4.087645e+01
1.208800e+00 3.900149e+01
1.233300e+00 3.720416e+01
1.258200e+00 3.549274e+01
1.283600e+00 3.385943e+01
1.309500e+00 3.229842e+01
1.336000e+00 3.080155e+01
1.363000e+00 2.937516e+01
1.390500e+00 2.801384e+01
1.418600e+00 2.671358e+01
1.447200e+00 2.547229e+01
1.476500e+00 2.428323e+01
1.506300e+00 2.315130e+01
1.536700e+00 2.207084e+01
1.567800e+00 2.103758e+01
1.599400e+00 2.005531e+01
1.631800e+00 1.911433e+01
1.664700e+00 1.821749e+01
1.698400e+00 1.735912e+01
1.732700e+00 1.654195e+01
1.767700e+00 1.576245e+01
1.803400e+00 1.501923e+01
1.839800e+00 1.431022e+01
1.877000e+00 1.363352e+01
1.914900e+00 1.298787e+01
1.953600e+00 1.237227e+01
1.993000e+00 1.178566e+01
2.033300e+00 1.122489e+01
2.074400e+00 1.069049e+01
2.116300e+00 1.018118e+01
2.159000e+00 9.696556e+00
2.202600e+00 9.233660e+00
2.247100e+00 8.792675e+00
2.292500e+00 8.371351e+00
2.338800e+00 7.969966e+00
2.386100e+00 7.587086e+00
2.434300e+00 7.222753e+00
2.483500e+00 6.875613e+00
2.533600e+00 6.545110e+00
2.584800e+00 6.229963e+00
2.637000e+00 5.929416e+00
2.690300e+00 5.642993e+00
2.744700e+00 5.369974e+00
2.800100e+00 5.110347e+00
2.856700e+00 4.862755e+00
2.914400e+00 4.626755e+00
2.973300e+00 4.402081e+00
3.033300e+00 4.188222e+00
3.094600e+00 3.984431e+00
3.157100e+00 3.790474e+00
3.220900e+00 3.605732e+00
3.286000e+00 3.429864e+00
3.352300e+00 3.262626e+00
3.420100e+00 3.103174e+00
3.489200e+00 2.951142e+00
3.559600e+00 2.806741e+00
3.631600e+00 2.668932e+00
3.704900e+00 2.538094e+00
3.779800e+00 2.413391e+00
3.856100e+00 2.294847e+00
3.934000e+00 2.182028e+00
4.013500e+00 2.074498e+00
4.094600e+00 1.972274e+00
4.177300e+00 1.874980e+00
4.261700e+00 1.782406e+00
4.347800e+00 1.694321e+00
4.435600e+00 1.610521e+00
4.525200e+00 1.530821e+00
4.616600e+00 1.454938e+00
4.709900e+00 1.382777e+00
4.805000e+00 1.314181e+00
4.902100e+00 1.248920e+00
5.001100e+00 1.186852e+00
5.102100e+00 1.127788e+00
5.205200e+00 1.071614e+00
5.310400e+00 1.018159e+00
5.417600e+00 9.674288e-01
5.527100e+00 9.191121e-01
5.638700e+00 8.732464e-01
5.752600e+00 8.296013e-01
5.868900e+00 7.880678e-01
5.987400e+00 7.486452e-01
6.108400e+00 7.111184e-01
6.231800e+00 6.754854e-01
6.357700e+00 6.415608e-01
6.486100e+00 6.093474e-01
6.617100e+00 5.787118e-01
6.750800e+00 5.495852e-01
6.887200e+00 5.219231e-01
7.026300e+00 4.956602e-01
7.168200e+00 4.707184e-01
7.313000e+00 4.469595e-01
7.460800e+00 4.243888e-01
7.611500e+00 4.029443e-01
7.765300e+00 3.825668e-01
7.922100e+00 3.632243e-01
8.082200e+00 3.448337e-01
8.245400e+00 3.273851e-01
8.412000e+00 3.107835e-01
8.581900e+00 2.950296e-01
8.755300e+00 2.800519e-01
8.932200e+00 2.658305e-01
9.112600e+00 2.523260e-01
9.296700e+00 2.394926e-01
9.484500e+00 2.273110e-01
9.676100e+00 2.157383e-01
9.871600e+00 2.047533e-01
1.007100e+01 1.943228e-01
1.027400e+01 1.844426e-01
1.048200e+01 1.750110e-01
1.069400e+01 1.660592e-01
1.091000e+01 1.575721e-01
1.113000e+01 1.495189e-01
1.135500e+01 1.418588e-01
1.158400e+01 1.346118e-01
1.181800e+01 1.277246e-01
1.205700e+01 1.211733e-01
1.230100e+01 1.149485e-01
1.254900e+01 1.090601e-01
1.280300e+01 1.034417e-01
1.306100e+01 9.813532e-02
1.332500e+01 9.309126e-02
1.359400e+01 8.831222e-02
1.386900e+01 8.376479e-02
1.414900e+01 7.945787e-02
1.443500e+01 7.536407e-02
1.472700e+01 7.147286e-02
1.502400e+01 6.779296e-02
1.532800e+01 6.428588e-02
1.563700e+01 6.097213e-02
1.595300e+01 5.782236e-02
1.627500e+01 5.483892e-02
1.660400e+01 5.200270e-02
1.694000e+01 4.930751e-02
1.728200e+01 4.675748e-02
1.763100e+01 4.433716e-02
1.798700e+01 4.204241e-02
1.835100e+01 3.985846e-02
1.872100e+01 3.779466e-02
1.909900e+01 3.583502e-02
1.948500e+01 3.397527e-02
1.987900e+01 3.221063e-02
2.028000e+01 3.053957e-02
2.069000e+01 2.895181e-02
2.110800e+01 2.744548e-02
2.153500e+01 2.601551e-02
2.197000e+01 2.466159e-02
2.241300e+01 2.338007e-02
2.286600e+01 2.216205e-02
2.332800e+01 2.100704e-02
2.379900e+01 1.991298e-02
2.428000e+01 1.887308e-02
2.477100e+01 1.788690e-02
2.527100e+01 1.695354e-02
2.578200e+01 1.606719e-02
2.630200e+01 1.522854e-02
2.683400e+01 1.443025e-02
2.737600e+01 1.367488e-02
2.792900e+01 1.296018e-02
2.849300e+01 1.228303e-02
2.906900e+01 1.163925e-02
2.965600e+01 1.102940e-02
