1.061800e-04 5.689072e+02
1.083300e-04 5.800093e+02
1.105200e-04 5.913293e+02
1.127500e-04 6.028673e+02
1.150300e-04 6.146110e+02
1.173500e-04 6.265969e+02
1.197200e-04 6.388250e+02
1.221400e-04 6.512952e+02
1.246100e-04 6.640075e+02
1.271200e-04 6.769620e+02
1.296900e-04 6.901586e+02
1.323100e-04 7.036579e+02
1.349900e-04 7.173993e+02
1.377100e-04 7.313829e+02
1.404900e-04 7.456086e+02
1.433300e-04 7.601975e+02
1.462300e-04 7.750286e+02
1.491800e-04 7.901018e+02
1.522000e-04 8.055382e+02
1.552700e-04 8.212167e+02
1.584100e-04 8.372585e+02
1.616100e-04 8.535424e+02
1.648700e-04 8.701895e+02
1.682000e-04 8.871998e+02
1.716000e-04 9.044522e+02
1.750700e-04 9.221284e+02
1.786000e-04 9.400468e+02
1.822100e-04 9.583888e+02
1.858900e-04 9.770941e+02
1.896500e-04 9.961021e+02
1.934800e-04 1.015534e+03
1.973900e-04 1.035329e+03
2.013800e-04 1.055487e+03
2.054400e-04 1.076008e+03
2.095900e-04 1.097014e+03
2.138300e-04 1.118383e+03
2.181500e-04 1.140115e+03
2.225500e-04 1.162331e+03
2.270500e-04 1.184971e+03
2.316400e-04 1.208035e+03
2.363200e-04 1.231522e+03
2.410900e-04 1.255494e+03
2.459600e-04 1.279950e+03
2.509300e-04 1.304830e+03
2.560000e-04 1.330255e+03
2.611700e-04 1.356103e+03
2.664500e-04 1.382496e+03
2.718300e-04 1.409374e+03
2.773200e-04 1.436796e+03
2.829200e-04 1.464703e+03
2.886400e-04 1.493154e+03
2.944700e-04 1.522151e+03
3.004200e-04 1.551752e+03
3.064900e-04 1.581898e+03
3.126800e-04 1.612590e+03
3.189900e-04 1.643886e+03
3.254400e-04 1.675849e+03
3.320100e-04 1.708356e+03
3.387200e-04 1.741469e+03
3.455600e-04 1.775247e+03
3.525400e-04 1.809691e+03
3.596600e-04 1.844802e+03
3.669300e-04 1.880517e+03
3.743400e-04 1.916959e+03
3.819000e-04 1.954128e+03
3.896200e-04 1.991962e+03
3.974900e-04 2.030523e+03
4.055200e-04 2.069810e+03
4.137100e-04 2.109824e+03
4.220700e-04 2.150624e+03
4.306000e-04 2.192212e+03
4.392900e-04 2.234586e+03
4.481700e-04 2.277747e+03
4.572200e-04 2.321756e+03
4.664600e-04 2.366552e+03
4.758800e-04 2.412195e+03
4.855000e-04 2.458747e+03
4.953000e-04 2.506085e+03
5.053100e-04 2.554392e+03
5.155200e-04 2.603607e+03
5.259300e-04 2.653730e+03
5.365600e-04 2.704761e+03
5.473900e-04 2.756760e+03
5.584500e-04 2.809728e+03
5.697300e-04 2.863725e+03
5.812400e-04 2.918691e+03
5.929900e-04 2.974686e+03
6.049600e-04 3.031710e+03
6.171900e-04 3.089823e+03
6.296500e-04 3.148966e+03
6.423700e-04 3.209259e+03
6.553500e-04 3.270641e+03
6.685900e-04 3.333113e+03
6.821000e-04 3.396796e+03
6.958800e-04 3.461568e+03
7.099300e-04 3.527612e+03
7.242700e-04 3.594806e+03
7.389100e-04 3.663210e+03
7.538300e-04 3.732886e+03
7.690600e-04 3.803833e+03
7.846000e-04 3.876051e+03
8.004500e-04 3.949601e+03
8.166200e-04 4.024482e+03
8.331100e-04 4.100696e+03
8.499400e-04 4.178241e+03
8.671100e-04 4.257239e+03
8.846300e-04 4.337569e+03
9.025000e-04 4.419412e+03
9.207300e-04 4.502648e+03
9.393300e-04 4.587397e+03
9.583100e-04 4.673659e+03
9.776700e-04 4.761435e+03
9.974200e-04 4.850724e+03
1.017600e-03 4.941586e+03
1.038100e-03 5.034023e+03
1.059100e-03 5.128034e+03
1.080500e-03 5.223740e+03
1.102300e-03 5.321019e+03
1.124600e-03 5.420054e+03
1.147300e-03 5.520724e+03
1.170500e-03 5.623149e+03
1.194100e-03 5.727269e+03
1.218200e-03 5.833205e+03
1.242900e-03 5.940897e+03
1.268000e-03 6.050344e+03
1.293600e-03 6.161849e+03
1.319700e-03 6.275050e+03
1.346400e-03 6.390066e+03
1.373600e-03 6.506898e+03
1.401300e-03 6.625547e+03
1.429600e-03 6.746617e+03
1.458500e-03 6.869503e+03
1.488000e-03 6.994205e+03
1.518000e-03 7.120722e+03
1.548700e-03 7.249662e+03
1.580000e-03 7.380417e+03
1.611900e-03 7.513594e+03
1.644500e-03 7.647982e+03
1.677700e-03 7.785396e+03
1.711600e-03 7.924626e+03
1.746200e-03 8.065673e+03
1.781400e-03 8.209140e+03
1.817400e-03 8.355029e+03
1.854100e-03 8.502735e+03
1.891600e-03 8.652861e+03
1.929800e-03 8.804804e+03
1.968800e-03 8.959168e+03
2.008600e-03 9.115953e+03
2.049100e-03 9.275160e+03
2.090500e-03 9.436183e+03
2.132800e-03 9.599627e+03
2.175800e-03 9.765493e+03
2.219800e-03 9.933780e+03
2.264600e-03 1.010388e+04
2.310400e-03 1.027641e+04
2.357100e-03 1.045135e+04
2.404700e-03 1.062872e+04
2.453300e-03 1.080851e+04
2.502800e-03 1.099072e+04
2.553400e-03 1.117475e+04
2.605000e-03 1.136119e+04
2.657600e-03 1.155067e+04
2.711300e-03 1.174196e+04
2.766000e-03 1.193506e+04
2.821900e-03 1.213120e+04
2.878900e-03 1.232915e+04
2.937100e-03 1.252952e+04
2.996400e-03 1.273231e+04
3.056900e-03 1.293752e+04
3.118700e-03 1.314455e+04
3.181700e-03 1.335400e+04
3.246000e-03 1.356527e+04
3.311500e-03 1.377896e+04
3.378400e-03 1.399446e+04
3.446700e-03 1.421239e+04
3.516300e-03 1.443274e+04
3.587400e-03 1.465429e+04
3.659800e-03 1.487827e+04
3.733800e-03 1.510467e+04
3.809200e-03 1.533228e+04
3.886100e-03 1.556171e+04
3.964600e-03 1.579356e+04
4.044700e-03 1.602662e+04
4.126400e-03 1.626210e+04
4.209800e-03 1.649879e+04
4.294800e-03 1.673730e+04
4.381600e-03 1.697702e+04
4.470100e-03 1.721795e+04
4.560400e-03 1.746069e+04
4.652500e-03 1.770465e+04
4.746500e-03 1.794981e+04
4.842400e-03 1.819619e+04
4.940200e-03 1.844378e+04
5.040000e-03 1.869197e+04
5.141900e-03 1.894077e+04
5.245700e-03 1.919078e+04
5.351700e-03 1.944139e+04
5.459800e-03 1.969261e+04
5.570100e-03 1.994383e+04
5.682600e-03 2.019566e+04
5.797400e-03 2.044748e+04
5.914500e-03 2.069992e+04
6.034000e-03 2.095174e+04
6.155900e-03 2.120296e+04
6.280300e-03 2.145418e+04
6.407200e-03 2.170480e+04
6.536600e-03 2.195480e+04
6.668600e-03 2.220421e+04
6.803300e-03 2.245240e+04
6.940800e-03 2.269878e+04
7.081000e-03 2.294455e+04
7.224000e-03 2.318851e+04
7.370000e-03 2.343065e+04
7.518900e-03 2.367036e+04
7.670800e-03 2.390827e+04
7.825700e-03 2.414375e+04
7.983800e-03 2.437681e+04
8.145100e-03 2.460684e+04
8.309600e-03 2.483385e+04
8.477500e-03 2.505782e+04
8.648800e-03 2.527817e+04
8.823500e-03 2.549428e+04
9.001700e-03 2.570676e+04
9.183600e-03 2.591500e+04
9.369100e-03 2.611840e+04
9.558300e-03 2.631756e+04
9.751400e-03 2.651127e+04
9.948400e-03 2.669953e+04
1.014900e-02 2.688174e+04
1.035400e-02 2.705850e+04
1.056400e-02 2.722861e+04
1.077700e-02 2.739205e+04
1.099500e-02 2.754823e+04
1.121700e-02 2.769775e+04
1.144300e-02 2.783940e+04
1.167500e-02 2.797379e+04
1.191000e-02 2.810091e+04
1.215100e-02 2.821956e+04
1.239700e-02 2.832913e+04
1.264700e-02 2.842962e+04
1.290200e-02 2.852042e+04
1.316300e-02 2.860033e+04
1.342900e-02 2.866873e+04
1.370000e-02 2.872564e+04
1.397700e-02 2.877043e+04
1.425900e-02 2.880433e+04
1.454700e-02 2.882915e+04
1.484100e-02 2.884489e+04
1.514100e-02 2.885397e+04
1.544700e-02 2.885579e+04
1.575900e-02 2.885155e+04
1.607700e-02 2.883884e+04
1.640200e-02 2.881644e+04
1.673400e-02 2.878133e+04
1.707200e-02 2.873229e+04
1.741600e-02 2.866692e+04
1.776800e-02 2.858459e+04
1.812700e-02 2.848350e+04
1.849300e-02 2.836485e+04
1.886700e-02 2.822743e+04
1.924800e-02 2.807186e+04
1.963700e-02 2.789691e+04
2.003400e-02 2.770320e+04
2.043800e-02 2.749254e+04
2.085100e-02 2.726553e+04
2.127200e-02 2.702460e+04
2.170200e-02 2.677096e+04
2.214100e-02 2.650642e+04
2.258800e-02 2.623220e+04
2.304400e-02 2.594950e+04
2.351000e-02 2.565773e+04
2.398500e-02 2.535747e+04
2.446900e-02 2.504874e+04
2.496400e-02 2.473215e+04
2.546800e-02 2.440707e+04
2.598200e-02 2.407353e+04
2.650700e-02 2.373090e+04
2.704300e-02 2.337859e+04
2.758900e-02 2.301598e+04
2.814600e-02 2.264188e+04
2.871500e-02 2.225687e+04
2.929500e-02 2.186158e+04
2.988700e-02 2.145963e+04
3.049000e-02 2.105707e+04
3.110600e-02 2.065694e+04
3.173500e-02 2.026406e+04
3.237600e-02 1.988209e+04
3.303000e-02 1.951404e+04
3.369700e-02 1.915749e+04
3.437800e-02 1.881002e+04
3.507200e-02 1.846799e+04
3.578100e-02 1.812900e+04
3.650400e-02 1.778940e+04
3.724100e-02 1.744858e+04
3.799300e-02 1.710475e+04
3.876100e-02 1.676091e+04
3.954400e-02 1.641768e+04
4.034300e-02 1.607747e+04
4.115800e-02 1.574150e+04
4.198900e-02 1.541037e+04
4.283800e-02 1.508651e+04
4.370300e-02 1.477294e+04
4.458600e-02 1.447390e+04
4.548600e-02 1.419120e+04
4.640500e-02 1.392787e+04
4.734300e-02 1.368634e+04
4.829900e-02 1.346720e+04
4.927500e-02 1.326804e+04
5.027000e-02 1.308402e+04
5.128600e-02 1.291270e+04
5.232200e-02 1.274926e+04
5.337900e-02 1.259187e+04
5.445700e-02 1.243750e+04
5.555700e-02 1.228314e+04
5.668000e-02 1.212696e+04
5.782500e-02 1.196775e+04
5.899300e-02 1.180310e+04
6.018400e-02 1.163239e+04
6.140000e-02 1.145321e+04
6.264100e-02 1.126555e+04
6.390600e-02 1.107063e+04
6.519700e-02 1.086783e+04
6.651400e-02 1.065838e+04
6.785800e-02 1.044348e+04
6.922900e-02 1.022193e+04
7.062700e-02 9.991894e+03
7.205400e-02 9.750965e+03
7.351000e-02 9.496113e+03
7.499400e-02 9.226127e+03
7.650900e-02 8.941008e+03
7.805500e-02 8.644386e+03
7.963200e-02 8.341106e+03
8.124100e-02 8.034800e+03
8.288200e-02 7.730309e+03
8.455600e-02 7.430661e+03
8.626400e-02 7.139488e+03
8.800700e-02 6.859817e+03
8.978500e-02 6.594069e+03
9.159800e-02 6.344059e+03
9.344900e-02 6.112211e+03
9.533700e-02 5.898825e+03
9.726300e-02 5.705598e+03
9.922700e-02 5.532226e+03
1.012300e-01 5.377862e+03
1.032800e-01 5.241719e+03
1.053600e-01 5.122707e+03
1.074900e-01 5.018163e+03
1.096600e-01 4.925060e+03
1.118800e-01 4.840675e+03
1.141400e-01 4.761071e+03
1.164400e-01 4.681650e+03
1.188000e-01 4.598111e+03
1.212000e-01 4.507006e+03
1.236500e-01 4.405489e+03
1.261400e-01 4.291320e+03
1.286900e-01 4.163894e+03
1.312900e-01 4.024059e+03
1.339400e-01 3.872964e+03
1.366500e-01 3.713696e+03
1.394100e-01 3.549586e+03
1.422300e-01 3.384810e+03
1.451000e-01 3.224756e+03
1.480300e-01 3.074145e+03
1.510200e-01 2.936609e+03
1.540700e-01 2.814934e+03
1.571800e-01 2.710088e+03
1.603600e-01 2.620920e+03
1.636000e-01 2.545917e+03
1.669000e-01 2.482295e+03
1.702800e-01 2.427208e+03
1.737100e-01 2.376540e+03
1.772200e-01 2.326054e+03
1.808000e-01 2.271512e+03
1.844600e-01 2.209403e+03
1.881800e-01 2.138335e+03
1.919800e-01 2.058429e+03
1.958600e-01 1.971864e+03
1.998200e-01 1.881546e+03
2.038600e-01 1.791470e+03
2.079700e-01 1.705753e+03
2.121800e-01 1.628389e+03
2.164600e-01 1.560953e+03
2.208300e-01 1.503203e+03
2.253000e-01 1.454715e+03
2.298500e-01 1.413127e+03
2.344900e-01 1.374809e+03
2.392300e-01 1.336611e+03
2.440600e-01 1.296174e+03
2.489900e-01 1.251862e+03
2.540200e-01 1.202526e+03
2.591500e-01 1.150103e+03
2.643900e-01 1.097619e+03
2.697300e-01 1.047738e+03
2.751800e-01 1.001974e+03
2.807400e-01 9.613550e+02
2.864100e-01 9.264869e+02
2.921900e-01 8.955536e+02
2.981000e-01 8.661942e+02
3.041200e-01 8.364715e+02
3.102600e-01 8.057198e+02
3.165300e-01 7.736363e+02
3.229200e-01 7.404631e+02
3.294500e-01 7.076532e+02
3.361000e-01 6.770225e+02
3.428900e-01 6.495397e+02
3.498200e-01 6.245993e+02
3.568900e-01 6.011783e+02
3.640900e-01 5.786170e+02
3.714500e-01 5.563462e+02
3.789500e-01 5.339361e+02
3.866100e-01 5.113324e+02
3.944200e-01 4.893037e+02
4.023900e-01 4.686008e+02
4.105200e-01 4.495505e+02
4.188100e-01 4.317229e+02
4.272700e-01 4.146642e+02
4.359000e-01 3.981139e+02
4.447100e-01 3.820540e+02
4.536900e-01 3.664845e+02
4.628600e-01 3.514173e+02
4.722100e-01 3.368405e+02
4.817400e-01 3.227661e+02
4.914800e-01 3.091821e+02
5.014100e-01 2.960884e+02
5.115300e-01 2.834790e+02
5.218700e-01 2.713417e+02
5.324100e-01 2.596827e+02
5.431700e-01 2.484837e+02
5.541400e-01 2.377327e+02
5.653300e-01 2.274297e+02
5.767500e-01 2.175504e+02
5.884000e-01 2.080948e+02
6.002900e-01 1.990509e+02
6.124200e-01 1.903944e+02
6.247900e-01 1.821072e+02
6.374100e-01 1.741832e+02
6.502900e-01 1.665981e+02
6.634200e-01 1.593400e+02
6.768300e-01 1.523906e+02
6.905000e-01 1.457318e+02
7.044500e-01 1.393635e+02
7.186800e-01 1.332616e+02
7.332000e-01 1.274200e+02
7.480100e-01 1.218205e+02
7.631200e-01 1.164631e+02
7.785400e-01 1.113298e+02
7.942600e-01 1.064083e+02
8.103100e-01 1.016987e+02
8.266800e-01 9.718276e+01
8.433800e-01 9.286057e+01
8.604100e-01 8.871998e+01
8.778000e-01 8.475494e+01
8.955300e-01 8.095335e+01
9.136200e-01 7.732125e+01
9.320800e-01 7.384049e+01
9.509100e-01 7.050502e+01
9.701100e-01 6.732088e+01
9.897100e-01 6.426992e+01
1.009700e+00 6.135214e+01
1.030100e+00 5.856511e+01
1.050900e+00 5.589734e+01
1.072100e+00 5.334700e+01
1.093800e+00 5.090866e+01
1.115900e+00 4.857806e+01
1.138400e+00 4.635098e+01
1.161400e+00 4.422257e+01
1.184900e+00 4.218860e+01
1.208800e+00 4.024604e+01
1.233300e+00 3.839003e+01
1.258200e+00 3.661697e+01
1.283600e+00 3.492381e+01
1.309500e+00 3.330631e+01
1.336000e+00 3.176146e+01
1.363000e+00 3.028623e+01
1.390500e+00 2.887758e+01
1.418600e+00 2.753249e+01
1.447200e+00 2.624855e+01
1.476500e+00 2.502211e+01
1.506300e+00 2.385197e+01
1.536700e+00 2.273449e+01
1.567800e+00 2.166847e+01
1.599400e+00 2.065088e+01
1.631800e+00 1.967930e+01
1.664700e+00 1.875251e+01
1.698400e+00 1.786809e+01
1.732700e+00 1.702424e+01
1.767700e+00 1.621912e+01
1.803400e+00 1.545093e+01
1.839800e+00 1.471846e+01
1.877000e+00 1.401989e+01
1.914900e+00 1.335340e+01
1.953600e+00 1.271778e+01
1.993000e+00 1.211183e+01
2.033300e+00 1.153432e+01
2.074400e+00 1.098346e+01
2.116300e+00 1.045801e+01
2.159000e+00 9.957389e+00
2.202600e+00 9.479768e+00
2.247100e+00 9.025151e+00
2.292500e+00 8.591721e+00
2.338800e+00 8.178268e+00
2.386100e+00 7.784185e+00
2.434300e+00 7.409474e+00
2.483500e+00 7.051713e+00
2.533600e+00 6.710901e+00
2.584800e+00 6.386434e+00
2.637000e+00 6.077100e+00
2.690300e+00 5.782840e+00
2.744700e+00 5.502321e+00
2.800100e+00 5.235120e+00
2.856700e+00 4.980632e+00
2.914400e+00 4.738250e+00
2.973300e+00 4.507430e+00
3.033300e+00 4.287688e+00
3.094600e+00 4.078419e+00
3.157100e+00 3.879138e+00
3.220900e+00 3.689482e+00
3.286000e+00 3.508846e+00
3.352300e+00 3.336927e+00
3.420100e+00 3.173301e+00
3.489200e+00 3.017545e+00
3.559600e+00 2.869234e+00
3.631600e+00 2.728127e+00
3.704900e+00 2.593861e+00
3.779800e+00 2.466072e+00
3.856100e+00 2.344457e+00
3.934000e+00 2.228714e+00
4.013500e+00 2.118662e+00
4.094600e+00 2.013876e+00
4.177300e+00 1.914235e+00
4.261700e+00 1.819438e+00
4.347800e+00 1.729240e+00
4.435600e+00 1.643463e+00
4.525200e+00 1.561861e+00
4.616600e+00 1.484256e+00
4.709900e+00 1.410403e+00
4.805000e+00 1.340183e+00
4.902100e+00 1.273473e+00
5.001100e+00 1.209972e+00
5.102100e+00 1.149619e+00
5.205200e+00 1.092171e+00
5.310400e+00 1.037629e+00
5.417600e+00 9.857506e-01
5.527100e+00 9.364147e-01
5.638700e+00 8.895001e-01
5.752600e+00 8.448859e-01
5.868900e+00 8.025114e-01
5.987400e+00 7.622557e-01
6.108400e+00 7.239371e-01
6.231800e+00 6.875556e-01
6.357700e+00 6.529902e-01
6.486100e+00 6.200592e-01
6.617100e+00 5.888474e-01
6.750800e+00 5.591610e-01
6.887200e+00 5.309518e-01
7.026300e+00 5.041409e-01
7.168200e+00 4.786738e-01
7.313000e+00 4.544720e-01
7.460800e+00 4.314808e-01
7.611500e+00 4.096398e-01
7.765300e+00 3.888884e-01
7.922100e+00 3.691722e-01
8.082200e+00 3.504488e-01
8.245400e+00 3.326636e-01
8.412000e+00 3.157622e-01
8.581900e+00 2.997205e-01
8.755300e+00 2.844778e-01
8.932200e+00 2.699978e-01
9.112600e+00 2.562504e-01
9.296700e+00 2.431990e-01
9.484500e+00 2.307954e-01
9.676100e+00 2.190214e-01
9.871600e+00 2.078466e-01
1.007100e+01 1.972288e-01
1.027400e+01 1.871498e-01
1.048200e+01 1.775792e-01
1.069400e+01 1.684929e-01
1.091000e+01 1.598667e-01
1.113000e+01 1.516763e-01
1.135500e+01 1.439036e-01
1.158400e+01 1.365244e-01
1.181800e+01 1.295145e-01
1.205700e+01 1.228677e-01
1.230100e+01 1.165539e-01
1.254900e+01 1.105610e-01
1.280300e+01 1.048767e-01
1.306100e+01 9.947703e-02
1.332500e+01 9.435578e-02
1.359400e+01 8.949482e-02
1.386900e+01 8.488206e-02
1.414900e+01 8.050539e-02
1.443500e+01 7.635269e-02
1.472700e+01 7.241187e-02
1.502400e+01 6.867081e-02
1.532800e+01 6.512347e-02
1.563700e+01 6.175167e-02
1.595300e+01 5.855906e-02
1.627500e+01 5.552868e-02
1.660400e+01 5.265327e-02
1.694000e+01 4.992557e-02
1.728200e+01 4.733831e-02
1.763100e+01 4.488362e-02
1.798700e+01 4.255484e-02
1.835100e+01 4.034592e-02
1.872100e+01 3.825080e-02
1.909900e+01 3.626344e-02
1.948500e+01 3.437839e-02
1.987900e+01 3.259018e-02
2.028000e+01 3.089460e-02
2.069000e+01 2.928558e-02
2.110800e+01 2.776010e-02
2.153500e+01 2.631271e-02
2.197000e+01 2.494039e-02
2.241300e+01 2.363949e-02
2.286600e+01 2.240518e-02
2.332800e+01 2.123444e-02
2.379900e+01 2.012423e-02
2.428000e+01 1.907213e-02
2.477100e+01 1.807391e-02
2.527100e+01 1.712775e-02
2.578200e+01 1.623062e-02
2.630200e+01 1.538011e-02
2.683400e+01 1.457378e-02
2.737600e+01 1.380983e-02
2.792900e+01 1.308523e-02
2.849300e+01 1.239876e-02
2.906900e+01 1.174862e-02
2.965600e+01 1.113177e-02
